30 <- 50 -> 70
12 <- 30 -> 37
. <- 12 -> 25
. <- 25 -> .
. <- 37 -> 40
. <- 40 -> .
60 <- 70 -> 75
. <- 60 -> 62
. <- 62 -> .
. <- 75 -> 87
. <- 87 -> .
